{
 "cells": [
  {
   "cell_type": "code",
   "execution_count": 33,
   "id": "ce69d5c7-7d2c-471f-9b6b-fabaaeeed70e",
   "metadata": {},
   "outputs": [],
   "source": [
    "import torch\n",
    "import torch.nn as nn\n",
    "import numpy as np\n",
    "import pandas as pd\n",
    "from matplotlib import pyplot as plt\n",
    "from sklearn.preprocessing import MinMaxScaler"
   ]
  },
  {
   "cell_type": "code",
   "execution_count": 35,
   "id": "fd35288d-5445-422d-b328-3defa96e71f4",
   "metadata": {},
   "outputs": [
    {
     "name": "stderr",
     "output_type": "stream",
     "text": [
      "/var/folders/pl/cdtxfpj90yv22wr7bnk7kyxh0000gn/T/ipykernel_73688/3459150121.py:1: ParserWarning: Falling back to the 'python' engine because the 'c' engine does not support regex separators (separators > 1 char and different from '\\s+' are interpreted as regex); you can avoid this warning by specifying engine='python'.\n",
      "  data = pd.read_csv('data/Apple_stock.csv', header=0, sep = \", \")\n"
     ]
    }
   ],
   "source": [
    "data = pd.read_csv('data/Apple_stock.csv', header=0, sep = \", \")\n"
   ]
  },
  {
   "cell_type": "code",
   "execution_count": 37,
   "id": "7a009449-1dc3-4456-a139-23c23f7b93e7",
   "metadata": {},
   "outputs": [
    {
     "data": {
      "text/html": [
       "<div>\n",
       "<style scoped>\n",
       "    .dataframe tbody tr th:only-of-type {\n",
       "        vertical-align: middle;\n",
       "    }\n",
       "\n",
       "    .dataframe tbody tr th {\n",
       "        vertical-align: top;\n",
       "    }\n",
       "\n",
       "    .dataframe thead th {\n",
       "        text-align: right;\n",
       "    }\n",
       "</style>\n",
       "<table border=\"1\" class=\"dataframe\">\n",
       "  <thead>\n",
       "    <tr style=\"text-align: right;\">\n",
       "      <th></th>\n",
       "      <th>Date</th>\n",
       "      <th>Close/Last</th>\n",
       "      <th>Volume</th>\n",
       "      <th>Open</th>\n",
       "      <th>High</th>\n",
       "      <th>Low</th>\n",
       "    </tr>\n",
       "  </thead>\n",
       "  <tbody>\n",
       "    <tr>\n",
       "      <th>0</th>\n",
       "      <td>02/28/2020</td>\n",
       "      <td>$273.36</td>\n",
       "      <td>106721200</td>\n",
       "      <td>$257.26</td>\n",
       "      <td>$278.41</td>\n",
       "      <td>$256.37</td>\n",
       "    </tr>\n",
       "    <tr>\n",
       "      <th>1</th>\n",
       "      <td>02/27/2020</td>\n",
       "      <td>$273.52</td>\n",
       "      <td>80151380</td>\n",
       "      <td>$281.1</td>\n",
       "      <td>$286</td>\n",
       "      <td>$272.96</td>\n",
       "    </tr>\n",
       "    <tr>\n",
       "      <th>2</th>\n",
       "      <td>02/26/2020</td>\n",
       "      <td>$292.65</td>\n",
       "      <td>49678430</td>\n",
       "      <td>$286.53</td>\n",
       "      <td>$297.88</td>\n",
       "      <td>$286.5</td>\n",
       "    </tr>\n",
       "    <tr>\n",
       "      <th>3</th>\n",
       "      <td>02/25/2020</td>\n",
       "      <td>$288.08</td>\n",
       "      <td>57668360</td>\n",
       "      <td>$300.95</td>\n",
       "      <td>$302.53</td>\n",
       "      <td>$286.13</td>\n",
       "    </tr>\n",
       "    <tr>\n",
       "      <th>4</th>\n",
       "      <td>02/24/2020</td>\n",
       "      <td>$298.18</td>\n",
       "      <td>55548830</td>\n",
       "      <td>$297.26</td>\n",
       "      <td>$304.18</td>\n",
       "      <td>$289.23</td>\n",
       "    </tr>\n",
       "  </tbody>\n",
       "</table>\n",
       "</div>"
      ],
      "text/plain": [
       "         Date Close/Last     Volume     Open     High      Low\n",
       "0  02/28/2020    $273.36  106721200  $257.26  $278.41  $256.37\n",
       "1  02/27/2020    $273.52   80151380   $281.1     $286  $272.96\n",
       "2  02/26/2020    $292.65   49678430  $286.53  $297.88   $286.5\n",
       "3  02/25/2020    $288.08   57668360  $300.95  $302.53  $286.13\n",
       "4  02/24/2020    $298.18   55548830  $297.26  $304.18  $289.23"
      ]
     },
     "execution_count": 37,
     "metadata": {},
     "output_type": "execute_result"
    }
   ],
   "source": [
    "data.head()"
   ]
  },
  {
   "cell_type": "code",
   "execution_count": 39,
   "id": "98c45d6e-05c5-4e80-924f-805e103ac9a3",
   "metadata": {},
   "outputs": [
    {
     "data": {
      "text/plain": [
       "count       2518\n",
       "unique      2417\n",
       "top       $97.34\n",
       "freq           3\n",
       "Name: Close/Last, dtype: object"
      ]
     },
     "execution_count": 39,
     "metadata": {},
     "output_type": "execute_result"
    }
   ],
   "source": [
    "data['Close/Last'].describe()"
   ]
  },
  {
   "cell_type": "code",
   "execution_count": 41,
   "id": "c3c22121-e864-4457-ac51-64df5d688a0b",
   "metadata": {},
   "outputs": [
    {
     "data": {
      "text/plain": [
       "Index(['Date', 'Close/Last', 'Volume', 'Open', 'High', 'Low'], dtype='object')"
      ]
     },
     "execution_count": 41,
     "metadata": {},
     "output_type": "execute_result"
    }
   ],
   "source": [
    "data.columns"
   ]
  },
  {
   "cell_type": "code",
   "execution_count": 43,
   "id": "a7834fd9-cf12-4d42-acee-7c52737f6f0b",
   "metadata": {},
   "outputs": [
    {
     "data": {
      "text/plain": [
       "0        $273.36\n",
       "1        $273.52\n",
       "2        $292.65\n",
       "3        $288.08\n",
       "4        $298.18\n",
       "          ...   \n",
       "2513    $31.2786\n",
       "2514    $30.1014\n",
       "2515    $29.9043\n",
       "2516    $29.8357\n",
       "2517    $29.8557\n",
       "Name: Close, Length: 2518, dtype: object"
      ]
     },
     "execution_count": 43,
     "metadata": {},
     "output_type": "execute_result"
    }
   ],
   "source": [
    "data['Close/Last'].rename(\"Close\")"
   ]
  },
  {
   "cell_type": "code",
   "execution_count": 45,
   "id": "d9045773-13ad-4927-8b7d-0daecf9339f9",
   "metadata": {},
   "outputs": [],
   "source": [
    "data = data.rename(columns = {\"Close/Last\": \"Close\"})\n",
    "data = data.rename(str.lower, axis = 'columns')"
   ]
  },
  {
   "cell_type": "code",
   "execution_count": 47,
   "id": "b02caf82-9475-4d59-a84b-43d719268b95",
   "metadata": {},
   "outputs": [],
   "source": [
    "for field in ['close', 'open', 'high', 'low']:\n",
    "    data[field] = data[field].str.replace(\"$\", \"\")"
   ]
  },
  {
   "cell_type": "code",
   "execution_count": 49,
   "id": "7f4b2b67-3f1a-4d97-a315-676851027b25",
   "metadata": {},
   "outputs": [
    {
     "data": {
      "text/html": [
       "<div>\n",
       "<style scoped>\n",
       "    .dataframe tbody tr th:only-of-type {\n",
       "        vertical-align: middle;\n",
       "    }\n",
       "\n",
       "    .dataframe tbody tr th {\n",
       "        vertical-align: top;\n",
       "    }\n",
       "\n",
       "    .dataframe thead th {\n",
       "        text-align: right;\n",
       "    }\n",
       "</style>\n",
       "<table border=\"1\" class=\"dataframe\">\n",
       "  <thead>\n",
       "    <tr style=\"text-align: right;\">\n",
       "      <th></th>\n",
       "      <th>date</th>\n",
       "      <th>close</th>\n",
       "      <th>volume</th>\n",
       "      <th>open</th>\n",
       "      <th>high</th>\n",
       "      <th>low</th>\n",
       "    </tr>\n",
       "  </thead>\n",
       "  <tbody>\n",
       "    <tr>\n",
       "      <th>0</th>\n",
       "      <td>02/28/2020</td>\n",
       "      <td>273.36</td>\n",
       "      <td>106721200</td>\n",
       "      <td>257.26</td>\n",
       "      <td>278.41</td>\n",
       "      <td>256.37</td>\n",
       "    </tr>\n",
       "    <tr>\n",
       "      <th>1</th>\n",
       "      <td>02/27/2020</td>\n",
       "      <td>273.52</td>\n",
       "      <td>80151380</td>\n",
       "      <td>281.1</td>\n",
       "      <td>286</td>\n",
       "      <td>272.96</td>\n",
       "    </tr>\n",
       "    <tr>\n",
       "      <th>2</th>\n",
       "      <td>02/26/2020</td>\n",
       "      <td>292.65</td>\n",
       "      <td>49678430</td>\n",
       "      <td>286.53</td>\n",
       "      <td>297.88</td>\n",
       "      <td>286.5</td>\n",
       "    </tr>\n",
       "    <tr>\n",
       "      <th>3</th>\n",
       "      <td>02/25/2020</td>\n",
       "      <td>288.08</td>\n",
       "      <td>57668360</td>\n",
       "      <td>300.95</td>\n",
       "      <td>302.53</td>\n",
       "      <td>286.13</td>\n",
       "    </tr>\n",
       "    <tr>\n",
       "      <th>4</th>\n",
       "      <td>02/24/2020</td>\n",
       "      <td>298.18</td>\n",
       "      <td>55548830</td>\n",
       "      <td>297.26</td>\n",
       "      <td>304.18</td>\n",
       "      <td>289.23</td>\n",
       "    </tr>\n",
       "    <tr>\n",
       "      <th>...</th>\n",
       "      <td>...</td>\n",
       "      <td>...</td>\n",
       "      <td>...</td>\n",
       "      <td>...</td>\n",
       "      <td>...</td>\n",
       "      <td>...</td>\n",
       "    </tr>\n",
       "    <tr>\n",
       "      <th>2513</th>\n",
       "      <td>03/05/2010</td>\n",
       "      <td>31.2786</td>\n",
       "      <td>224647427</td>\n",
       "      <td>30.7057</td>\n",
       "      <td>31.3857</td>\n",
       "      <td>30.6614</td>\n",
       "    </tr>\n",
       "    <tr>\n",
       "      <th>2514</th>\n",
       "      <td>03/04/2010</td>\n",
       "      <td>30.1014</td>\n",
       "      <td>89591907</td>\n",
       "      <td>29.8971</td>\n",
       "      <td>30.1314</td>\n",
       "      <td>29.8043</td>\n",
       "    </tr>\n",
       "    <tr>\n",
       "      <th>2515</th>\n",
       "      <td>03/03/2010</td>\n",
       "      <td>29.9043</td>\n",
       "      <td>92846488</td>\n",
       "      <td>29.8486</td>\n",
       "      <td>29.9814</td>\n",
       "      <td>29.7057</td>\n",
       "    </tr>\n",
       "    <tr>\n",
       "      <th>2516</th>\n",
       "      <td>03/02/2010</td>\n",
       "      <td>29.8357</td>\n",
       "      <td>141486282</td>\n",
       "      <td>29.99</td>\n",
       "      <td>30.1186</td>\n",
       "      <td>29.6771</td>\n",
       "    </tr>\n",
       "    <tr>\n",
       "      <th>2517</th>\n",
       "      <td>03/01/2010</td>\n",
       "      <td>29.8557</td>\n",
       "      <td>137312041</td>\n",
       "      <td>29.3928</td>\n",
       "      <td>29.9286</td>\n",
       "      <td>29.35</td>\n",
       "    </tr>\n",
       "  </tbody>\n",
       "</table>\n",
       "<p>2518 rows × 6 columns</p>\n",
       "</div>"
      ],
      "text/plain": [
       "            date    close     volume     open     high      low\n",
       "0     02/28/2020   273.36  106721200   257.26   278.41   256.37\n",
       "1     02/27/2020   273.52   80151380    281.1      286   272.96\n",
       "2     02/26/2020   292.65   49678430   286.53   297.88    286.5\n",
       "3     02/25/2020   288.08   57668360   300.95   302.53   286.13\n",
       "4     02/24/2020   298.18   55548830   297.26   304.18   289.23\n",
       "...          ...      ...        ...      ...      ...      ...\n",
       "2513  03/05/2010  31.2786  224647427  30.7057  31.3857  30.6614\n",
       "2514  03/04/2010  30.1014   89591907  29.8971  30.1314  29.8043\n",
       "2515  03/03/2010  29.9043   92846488  29.8486  29.9814  29.7057\n",
       "2516  03/02/2010  29.8357  141486282    29.99  30.1186  29.6771\n",
       "2517  03/01/2010  29.8557  137312041  29.3928  29.9286    29.35\n",
       "\n",
       "[2518 rows x 6 columns]"
      ]
     },
     "execution_count": 49,
     "metadata": {},
     "output_type": "execute_result"
    }
   ],
   "source": [
    "data"
   ]
  },
  {
   "cell_type": "code",
   "execution_count": 51,
   "id": "ccd9019b-338f-42b3-a1b5-4fd8af159fcb",
   "metadata": {},
   "outputs": [],
   "source": [
    "for each in ['close', 'volume', 'open', 'high', 'low']:\n",
    "    data[each] = data[each].astype(float)"
   ]
  },
  {
   "cell_type": "code",
   "execution_count": 53,
   "id": "ce8809df-e8d8-4a56-86d8-cfd45d6f0f9d",
   "metadata": {},
   "outputs": [
    {
     "data": {
      "text/plain": [
       "dtype('float64')"
      ]
     },
     "execution_count": 53,
     "metadata": {},
     "output_type": "execute_result"
    }
   ],
   "source": [
    "data['close'].dtype"
   ]
  },
  {
   "cell_type": "code",
   "execution_count": 55,
   "id": "5cff449e-1d04-4ffb-a898-76e040746450",
   "metadata": {},
   "outputs": [
    {
     "data": {
      "text/plain": [
       "Timestamp('2020-02-28 00:00:00')"
      ]
     },
     "execution_count": 55,
     "metadata": {},
     "output_type": "execute_result"
    }
   ],
   "source": [
    "pd.to_datetime('02/28/2020', format='%m/%d/%Y')"
   ]
  },
  {
   "cell_type": "code",
   "execution_count": 57,
   "id": "cc3d2063-5ad8-444c-a3af-fc9af61f85ef",
   "metadata": {},
   "outputs": [],
   "source": [
    "data['date'] = pd.to_datetime(data['date'], format='%m/%d/%Y')"
   ]
  },
  {
   "cell_type": "code",
   "execution_count": 59,
   "id": "89af8996-2484-49b7-8590-9bdd6fc8e5e4",
   "metadata": {},
   "outputs": [
    {
     "data": {
      "text/html": [
       "<div>\n",
       "<style scoped>\n",
       "    .dataframe tbody tr th:only-of-type {\n",
       "        vertical-align: middle;\n",
       "    }\n",
       "\n",
       "    .dataframe tbody tr th {\n",
       "        vertical-align: top;\n",
       "    }\n",
       "\n",
       "    .dataframe thead th {\n",
       "        text-align: right;\n",
       "    }\n",
       "</style>\n",
       "<table border=\"1\" class=\"dataframe\">\n",
       "  <thead>\n",
       "    <tr style=\"text-align: right;\">\n",
       "      <th></th>\n",
       "      <th>date</th>\n",
       "      <th>close</th>\n",
       "      <th>volume</th>\n",
       "      <th>open</th>\n",
       "      <th>high</th>\n",
       "      <th>low</th>\n",
       "    </tr>\n",
       "  </thead>\n",
       "  <tbody>\n",
       "    <tr>\n",
       "      <th>0</th>\n",
       "      <td>2020-02-28</td>\n",
       "      <td>273.3600</td>\n",
       "      <td>106721200.0</td>\n",
       "      <td>257.2600</td>\n",
       "      <td>278.4100</td>\n",
       "      <td>256.3700</td>\n",
       "    </tr>\n",
       "    <tr>\n",
       "      <th>1</th>\n",
       "      <td>2020-02-27</td>\n",
       "      <td>273.5200</td>\n",
       "      <td>80151380.0</td>\n",
       "      <td>281.1000</td>\n",
       "      <td>286.0000</td>\n",
       "      <td>272.9600</td>\n",
       "    </tr>\n",
       "    <tr>\n",
       "      <th>2</th>\n",
       "      <td>2020-02-26</td>\n",
       "      <td>292.6500</td>\n",
       "      <td>49678430.0</td>\n",
       "      <td>286.5300</td>\n",
       "      <td>297.8800</td>\n",
       "      <td>286.5000</td>\n",
       "    </tr>\n",
       "    <tr>\n",
       "      <th>3</th>\n",
       "      <td>2020-02-25</td>\n",
       "      <td>288.0800</td>\n",
       "      <td>57668360.0</td>\n",
       "      <td>300.9500</td>\n",
       "      <td>302.5300</td>\n",
       "      <td>286.1300</td>\n",
       "    </tr>\n",
       "    <tr>\n",
       "      <th>4</th>\n",
       "      <td>2020-02-24</td>\n",
       "      <td>298.1800</td>\n",
       "      <td>55548830.0</td>\n",
       "      <td>297.2600</td>\n",
       "      <td>304.1800</td>\n",
       "      <td>289.2300</td>\n",
       "    </tr>\n",
       "    <tr>\n",
       "      <th>...</th>\n",
       "      <td>...</td>\n",
       "      <td>...</td>\n",
       "      <td>...</td>\n",
       "      <td>...</td>\n",
       "      <td>...</td>\n",
       "      <td>...</td>\n",
       "    </tr>\n",
       "    <tr>\n",
       "      <th>2513</th>\n",
       "      <td>2010-03-05</td>\n",
       "      <td>31.2786</td>\n",
       "      <td>224647427.0</td>\n",
       "      <td>30.7057</td>\n",
       "      <td>31.3857</td>\n",
       "      <td>30.6614</td>\n",
       "    </tr>\n",
       "    <tr>\n",
       "      <th>2514</th>\n",
       "      <td>2010-03-04</td>\n",
       "      <td>30.1014</td>\n",
       "      <td>89591907.0</td>\n",
       "      <td>29.8971</td>\n",
       "      <td>30.1314</td>\n",
       "      <td>29.8043</td>\n",
       "    </tr>\n",
       "    <tr>\n",
       "      <th>2515</th>\n",
       "      <td>2010-03-03</td>\n",
       "      <td>29.9043</td>\n",
       "      <td>92846488.0</td>\n",
       "      <td>29.8486</td>\n",
       "      <td>29.9814</td>\n",
       "      <td>29.7057</td>\n",
       "    </tr>\n",
       "    <tr>\n",
       "      <th>2516</th>\n",
       "      <td>2010-03-02</td>\n",
       "      <td>29.8357</td>\n",
       "      <td>141486282.0</td>\n",
       "      <td>29.9900</td>\n",
       "      <td>30.1186</td>\n",
       "      <td>29.6771</td>\n",
       "    </tr>\n",
       "    <tr>\n",
       "      <th>2517</th>\n",
       "      <td>2010-03-01</td>\n",
       "      <td>29.8557</td>\n",
       "      <td>137312041.0</td>\n",
       "      <td>29.3928</td>\n",
       "      <td>29.9286</td>\n",
       "      <td>29.3500</td>\n",
       "    </tr>\n",
       "  </tbody>\n",
       "</table>\n",
       "<p>2518 rows × 6 columns</p>\n",
       "</div>"
      ],
      "text/plain": [
       "           date     close       volume      open      high       low\n",
       "0    2020-02-28  273.3600  106721200.0  257.2600  278.4100  256.3700\n",
       "1    2020-02-27  273.5200   80151380.0  281.1000  286.0000  272.9600\n",
       "2    2020-02-26  292.6500   49678430.0  286.5300  297.8800  286.5000\n",
       "3    2020-02-25  288.0800   57668360.0  300.9500  302.5300  286.1300\n",
       "4    2020-02-24  298.1800   55548830.0  297.2600  304.1800  289.2300\n",
       "...         ...       ...          ...       ...       ...       ...\n",
       "2513 2010-03-05   31.2786  224647427.0   30.7057   31.3857   30.6614\n",
       "2514 2010-03-04   30.1014   89591907.0   29.8971   30.1314   29.8043\n",
       "2515 2010-03-03   29.9043   92846488.0   29.8486   29.9814   29.7057\n",
       "2516 2010-03-02   29.8357  141486282.0   29.9900   30.1186   29.6771\n",
       "2517 2010-03-01   29.8557  137312041.0   29.3928   29.9286   29.3500\n",
       "\n",
       "[2518 rows x 6 columns]"
      ]
     },
     "execution_count": 59,
     "metadata": {},
     "output_type": "execute_result"
    }
   ],
   "source": [
    "data"
   ]
  },
  {
   "cell_type": "code",
   "execution_count": 61,
   "id": "30556744-bba0-497a-aee5-5da19c73a1ff",
   "metadata": {},
   "outputs": [
    {
     "data": {
      "text/plain": [
       "dtype('<M8[ns]')"
      ]
     },
     "execution_count": 61,
     "metadata": {},
     "output_type": "execute_result"
    }
   ],
   "source": [
    "data['date'].dtype"
   ]
  },
  {
   "cell_type": "code",
   "execution_count": 63,
   "id": "6a5f9cbd-ed99-40ad-8345-13d5c1a93c03",
   "metadata": {},
   "outputs": [],
   "source": [
    "data = data.sort_values('date')"
   ]
  },
  {
   "cell_type": "code",
   "execution_count": 65,
   "id": "03c81335-23d5-47c7-9fd5-d5c8be831522",
   "metadata": {},
   "outputs": [
    {
     "data": {
      "text/html": [
       "<div>\n",
       "<style scoped>\n",
       "    .dataframe tbody tr th:only-of-type {\n",
       "        vertical-align: middle;\n",
       "    }\n",
       "\n",
       "    .dataframe tbody tr th {\n",
       "        vertical-align: top;\n",
       "    }\n",
       "\n",
       "    .dataframe thead th {\n",
       "        text-align: right;\n",
       "    }\n",
       "</style>\n",
       "<table border=\"1\" class=\"dataframe\">\n",
       "  <thead>\n",
       "    <tr style=\"text-align: right;\">\n",
       "      <th></th>\n",
       "      <th>date</th>\n",
       "      <th>close</th>\n",
       "      <th>volume</th>\n",
       "      <th>open</th>\n",
       "      <th>high</th>\n",
       "      <th>low</th>\n",
       "    </tr>\n",
       "  </thead>\n",
       "  <tbody>\n",
       "    <tr>\n",
       "      <th>2517</th>\n",
       "      <td>2010-03-01</td>\n",
       "      <td>29.8557</td>\n",
       "      <td>137312041.0</td>\n",
       "      <td>29.3928</td>\n",
       "      <td>29.9286</td>\n",
       "      <td>29.3500</td>\n",
       "    </tr>\n",
       "    <tr>\n",
       "      <th>2516</th>\n",
       "      <td>2010-03-02</td>\n",
       "      <td>29.8357</td>\n",
       "      <td>141486282.0</td>\n",
       "      <td>29.9900</td>\n",
       "      <td>30.1186</td>\n",
       "      <td>29.6771</td>\n",
       "    </tr>\n",
       "    <tr>\n",
       "      <th>2515</th>\n",
       "      <td>2010-03-03</td>\n",
       "      <td>29.9043</td>\n",
       "      <td>92846488.0</td>\n",
       "      <td>29.8486</td>\n",
       "      <td>29.9814</td>\n",
       "      <td>29.7057</td>\n",
       "    </tr>\n",
       "    <tr>\n",
       "      <th>2514</th>\n",
       "      <td>2010-03-04</td>\n",
       "      <td>30.1014</td>\n",
       "      <td>89591907.0</td>\n",
       "      <td>29.8971</td>\n",
       "      <td>30.1314</td>\n",
       "      <td>29.8043</td>\n",
       "    </tr>\n",
       "    <tr>\n",
       "      <th>2513</th>\n",
       "      <td>2010-03-05</td>\n",
       "      <td>31.2786</td>\n",
       "      <td>224647427.0</td>\n",
       "      <td>30.7057</td>\n",
       "      <td>31.3857</td>\n",
       "      <td>30.6614</td>\n",
       "    </tr>\n",
       "    <tr>\n",
       "      <th>...</th>\n",
       "      <td>...</td>\n",
       "      <td>...</td>\n",
       "      <td>...</td>\n",
       "      <td>...</td>\n",
       "      <td>...</td>\n",
       "      <td>...</td>\n",
       "    </tr>\n",
       "    <tr>\n",
       "      <th>4</th>\n",
       "      <td>2020-02-24</td>\n",
       "      <td>298.1800</td>\n",
       "      <td>55548830.0</td>\n",
       "      <td>297.2600</td>\n",
       "      <td>304.1800</td>\n",
       "      <td>289.2300</td>\n",
       "    </tr>\n",
       "    <tr>\n",
       "      <th>3</th>\n",
       "      <td>2020-02-25</td>\n",
       "      <td>288.0800</td>\n",
       "      <td>57668360.0</td>\n",
       "      <td>300.9500</td>\n",
       "      <td>302.5300</td>\n",
       "      <td>286.1300</td>\n",
       "    </tr>\n",
       "    <tr>\n",
       "      <th>2</th>\n",
       "      <td>2020-02-26</td>\n",
       "      <td>292.6500</td>\n",
       "      <td>49678430.0</td>\n",
       "      <td>286.5300</td>\n",
       "      <td>297.8800</td>\n",
       "      <td>286.5000</td>\n",
       "    </tr>\n",
       "    <tr>\n",
       "      <th>1</th>\n",
       "      <td>2020-02-27</td>\n",
       "      <td>273.5200</td>\n",
       "      <td>80151380.0</td>\n",
       "      <td>281.1000</td>\n",
       "      <td>286.0000</td>\n",
       "      <td>272.9600</td>\n",
       "    </tr>\n",
       "    <tr>\n",
       "      <th>0</th>\n",
       "      <td>2020-02-28</td>\n",
       "      <td>273.3600</td>\n",
       "      <td>106721200.0</td>\n",
       "      <td>257.2600</td>\n",
       "      <td>278.4100</td>\n",
       "      <td>256.3700</td>\n",
       "    </tr>\n",
       "  </tbody>\n",
       "</table>\n",
       "<p>2518 rows × 6 columns</p>\n",
       "</div>"
      ],
      "text/plain": [
       "           date     close       volume      open      high       low\n",
       "2517 2010-03-01   29.8557  137312041.0   29.3928   29.9286   29.3500\n",
       "2516 2010-03-02   29.8357  141486282.0   29.9900   30.1186   29.6771\n",
       "2515 2010-03-03   29.9043   92846488.0   29.8486   29.9814   29.7057\n",
       "2514 2010-03-04   30.1014   89591907.0   29.8971   30.1314   29.8043\n",
       "2513 2010-03-05   31.2786  224647427.0   30.7057   31.3857   30.6614\n",
       "...         ...       ...          ...       ...       ...       ...\n",
       "4    2020-02-24  298.1800   55548830.0  297.2600  304.1800  289.2300\n",
       "3    2020-02-25  288.0800   57668360.0  300.9500  302.5300  286.1300\n",
       "2    2020-02-26  292.6500   49678430.0  286.5300  297.8800  286.5000\n",
       "1    2020-02-27  273.5200   80151380.0  281.1000  286.0000  272.9600\n",
       "0    2020-02-28  273.3600  106721200.0  257.2600  278.4100  256.3700\n",
       "\n",
       "[2518 rows x 6 columns]"
      ]
     },
     "execution_count": 65,
     "metadata": {},
     "output_type": "execute_result"
    }
   ],
   "source": [
    "\n",
    "\n",
    "data"
   ]
  },
  {
   "cell_type": "code",
   "execution_count": 67,
   "id": "2b43fb24",
   "metadata": {},
   "outputs": [],
   "source": [
    "scaler = MinMaxScaler()\n",
    "data['close_norm'] = scaler.fit_transform(data['close'].to_numpy().reshape(-1,1))"
   ]
  },
  {
   "cell_type": "code",
   "execution_count": 69,
   "id": "48eb4845",
   "metadata": {},
   "outputs": [
    {
     "data": {
      "text/html": [
       "<div>\n",
       "<style scoped>\n",
       "    .dataframe tbody tr th:only-of-type {\n",
       "        vertical-align: middle;\n",
       "    }\n",
       "\n",
       "    .dataframe tbody tr th {\n",
       "        vertical-align: top;\n",
       "    }\n",
       "\n",
       "    .dataframe thead th {\n",
       "        text-align: right;\n",
       "    }\n",
       "</style>\n",
       "<table border=\"1\" class=\"dataframe\">\n",
       "  <thead>\n",
       "    <tr style=\"text-align: right;\">\n",
       "      <th></th>\n",
       "      <th>date</th>\n",
       "      <th>close</th>\n",
       "      <th>volume</th>\n",
       "      <th>open</th>\n",
       "      <th>high</th>\n",
       "      <th>low</th>\n",
       "      <th>close_norm</th>\n",
       "    </tr>\n",
       "  </thead>\n",
       "  <tbody>\n",
       "    <tr>\n",
       "      <th>2517</th>\n",
       "      <td>2010-03-01</td>\n",
       "      <td>29.8557</td>\n",
       "      <td>137312041.0</td>\n",
       "      <td>29.3928</td>\n",
       "      <td>29.9286</td>\n",
       "      <td>29.3500</td>\n",
       "      <td>0.000067</td>\n",
       "    </tr>\n",
       "    <tr>\n",
       "      <th>2516</th>\n",
       "      <td>2010-03-02</td>\n",
       "      <td>29.8357</td>\n",
       "      <td>141486282.0</td>\n",
       "      <td>29.9900</td>\n",
       "      <td>30.1186</td>\n",
       "      <td>29.6771</td>\n",
       "      <td>0.000000</td>\n",
       "    </tr>\n",
       "    <tr>\n",
       "      <th>2515</th>\n",
       "      <td>2010-03-03</td>\n",
       "      <td>29.9043</td>\n",
       "      <td>92846488.0</td>\n",
       "      <td>29.8486</td>\n",
       "      <td>29.9814</td>\n",
       "      <td>29.7057</td>\n",
       "      <td>0.000231</td>\n",
       "    </tr>\n",
       "    <tr>\n",
       "      <th>2514</th>\n",
       "      <td>2010-03-04</td>\n",
       "      <td>30.1014</td>\n",
       "      <td>89591907.0</td>\n",
       "      <td>29.8971</td>\n",
       "      <td>30.1314</td>\n",
       "      <td>29.8043</td>\n",
       "      <td>0.000894</td>\n",
       "    </tr>\n",
       "    <tr>\n",
       "      <th>2513</th>\n",
       "      <td>2010-03-05</td>\n",
       "      <td>31.2786</td>\n",
       "      <td>224647427.0</td>\n",
       "      <td>30.7057</td>\n",
       "      <td>31.3857</td>\n",
       "      <td>30.6614</td>\n",
       "      <td>0.004852</td>\n",
       "    </tr>\n",
       "    <tr>\n",
       "      <th>...</th>\n",
       "      <td>...</td>\n",
       "      <td>...</td>\n",
       "      <td>...</td>\n",
       "      <td>...</td>\n",
       "      <td>...</td>\n",
       "      <td>...</td>\n",
       "      <td>...</td>\n",
       "    </tr>\n",
       "    <tr>\n",
       "      <th>4</th>\n",
       "      <td>2020-02-24</td>\n",
       "      <td>298.1800</td>\n",
       "      <td>55548830.0</td>\n",
       "      <td>297.2600</td>\n",
       "      <td>304.1800</td>\n",
       "      <td>289.2300</td>\n",
       "      <td>0.902409</td>\n",
       "    </tr>\n",
       "    <tr>\n",
       "      <th>3</th>\n",
       "      <td>2020-02-25</td>\n",
       "      <td>288.0800</td>\n",
       "      <td>57668360.0</td>\n",
       "      <td>300.9500</td>\n",
       "      <td>302.5300</td>\n",
       "      <td>286.1300</td>\n",
       "      <td>0.868444</td>\n",
       "    </tr>\n",
       "    <tr>\n",
       "      <th>2</th>\n",
       "      <td>2020-02-26</td>\n",
       "      <td>292.6500</td>\n",
       "      <td>49678430.0</td>\n",
       "      <td>286.5300</td>\n",
       "      <td>297.8800</td>\n",
       "      <td>286.5000</td>\n",
       "      <td>0.883813</td>\n",
       "    </tr>\n",
       "    <tr>\n",
       "      <th>1</th>\n",
       "      <td>2020-02-27</td>\n",
       "      <td>273.5200</td>\n",
       "      <td>80151380.0</td>\n",
       "      <td>281.1000</td>\n",
       "      <td>286.0000</td>\n",
       "      <td>272.9600</td>\n",
       "      <td>0.819481</td>\n",
       "    </tr>\n",
       "    <tr>\n",
       "      <th>0</th>\n",
       "      <td>2020-02-28</td>\n",
       "      <td>273.3600</td>\n",
       "      <td>106721200.0</td>\n",
       "      <td>257.2600</td>\n",
       "      <td>278.4100</td>\n",
       "      <td>256.3700</td>\n",
       "      <td>0.818943</td>\n",
       "    </tr>\n",
       "  </tbody>\n",
       "</table>\n",
       "<p>2518 rows × 7 columns</p>\n",
       "</div>"
      ],
      "text/plain": [
       "           date     close       volume      open      high       low  \\\n",
       "2517 2010-03-01   29.8557  137312041.0   29.3928   29.9286   29.3500   \n",
       "2516 2010-03-02   29.8357  141486282.0   29.9900   30.1186   29.6771   \n",
       "2515 2010-03-03   29.9043   92846488.0   29.8486   29.9814   29.7057   \n",
       "2514 2010-03-04   30.1014   89591907.0   29.8971   30.1314   29.8043   \n",
       "2513 2010-03-05   31.2786  224647427.0   30.7057   31.3857   30.6614   \n",
       "...         ...       ...          ...       ...       ...       ...   \n",
       "4    2020-02-24  298.1800   55548830.0  297.2600  304.1800  289.2300   \n",
       "3    2020-02-25  288.0800   57668360.0  300.9500  302.5300  286.1300   \n",
       "2    2020-02-26  292.6500   49678430.0  286.5300  297.8800  286.5000   \n",
       "1    2020-02-27  273.5200   80151380.0  281.1000  286.0000  272.9600   \n",
       "0    2020-02-28  273.3600  106721200.0  257.2600  278.4100  256.3700   \n",
       "\n",
       "      close_norm  \n",
       "2517    0.000067  \n",
       "2516    0.000000  \n",
       "2515    0.000231  \n",
       "2514    0.000894  \n",
       "2513    0.004852  \n",
       "...          ...  \n",
       "4       0.902409  \n",
       "3       0.868444  \n",
       "2       0.883813  \n",
       "1       0.819481  \n",
       "0       0.818943  \n",
       "\n",
       "[2518 rows x 7 columns]"
      ]
     },
     "execution_count": 69,
     "metadata": {},
     "output_type": "execute_result"
    }
   ],
   "source": [
    "data"
   ]
  },
  {
   "cell_type": "code",
   "execution_count": null,
   "id": "576f295d",
   "metadata": {},
   "outputs": [],
   "source": []
  },
  {
   "cell_type": "code",
   "execution_count": 71,
   "id": "3aa85c23-af54-4d64-99b6-8cf944d772f3",
   "metadata": {},
   "outputs": [],
   "source": [
    "X = []\n",
    "y = []\n",
    "days = 30\n",
    "\n",
    "for i in range(len(data) - days):\n",
    "    X.append(data.iloc[i:i+days]['close_norm'].tolist())\n",
    "    y.append(data.iloc[i+days]['close_norm'])\n"
   ]
  },
  {
   "cell_type": "code",
   "execution_count": null,
   "id": "7274ba9b-0360-4166-bf19-0556e25da895",
   "metadata": {},
   "outputs": [],
   "source": []
  },
  {
   "cell_type": "code",
   "execution_count": 73,
   "id": "b2ec4f58-7961-4194-9a38-7e2d7129bda7",
   "metadata": {},
   "outputs": [],
   "source": [
    "class ManualLSTM():\n",
    "    def __init__(self, input_size, hidden_size):\n",
    "        self.learning_rate = 0.01\n",
    "        self.input_size = input_size\n",
    "        self.hidden_size = hidden_size\n",
    "        \n",
    "        self.W_xf = torch.randn( input_size, hidden_size, requires_grad=True, device = device)\n",
    "        self.W_xi = torch.randn( input_size, hidden_size, requires_grad=True, device = device) \n",
    "        self.W_xg = torch.randn( input_size, hidden_size, requires_grad=True, device = device)\n",
    "        self.W_xo = torch.randn( input_size, hidden_size, requires_grad=True, device = device)\n",
    "        self.W_hf = torch.randn(hidden_size, hidden_size, requires_grad=True, device = device)\n",
    "        self.W_hi = torch.randn(hidden_size, hidden_size, requires_grad=True, device = device)\n",
    "        self.W_hg = torch.randn(hidden_size, hidden_size, requires_grad=True, device = device)\n",
    "        self.W_ho = torch.randn(hidden_size, hidden_size, requires_grad=True, device = device)\n",
    "\n",
    "        self.b_f = torch.randn(hidden_size, requires_grad=True, device = device)\n",
    "        self.b_i = torch.randn(hidden_size, requires_grad=True, device = device)\n",
    "        self.b_g = torch.randn(hidden_size, requires_grad=True, device = device)\n",
    "        self.b_o = torch.randn(hidden_size, requires_grad=True, device = device)\n",
    "\n",
    "        output_size = 1\n",
    "        self.W_out = torch.randn(hidden_size, output_size, requires_grad=True, device = device)\n",
    "        self.b_out = torch.randn(output_size, requires_grad=True, device = device)\n",
    "    \n",
    "    def forward(self, x_t_seq):\n",
    "        \n",
    "        h_t = torch.zeros(1, self.hidden_size, device= device)\n",
    "        c_t = torch.zeros(1, self.hidden_size, device= device)\n",
    "        \n",
    "    \n",
    "        for t in range(len(x_t_seq)):                 # Loop over time steps\n",
    "            x_t = x_t_seq[t].unsqueeze(0)         # Shape: (1, input_size)\n",
    "        \n",
    "            f_t = torch.sigmoid(x_t @ self.W_xf + h_t @ self.W_hf + self.b_f)\n",
    "            i_t = torch.sigmoid(x_t @ self.W_xi + h_t @ self.W_hi + self.b_i)\n",
    "            g_t = torch.tanh(   x_t @ self.W_xg + h_t @ self.W_hg + self.b_g)\n",
    "            o_t = torch.sigmoid(x_t @ self.W_xo + h_t @ self.W_ho + self.b_o)\n",
    "\n",
    "            c_t = f_t * c_t + i_t * g_t\n",
    "            h_t = o_t * torch.tanh(c_t)\n",
    "        return h_t @ self.W_out + self.b_out\n",
    "    \n",
    "    def step(self):\n",
    "        with torch.no_grad():\n",
    "            for params in [self.W_xf, self.W_xi, self.W_xg, self.W_xo,\n",
    "                            self.W_hf, self.W_hi, self.W_hg, self.W_ho,\n",
    "                            self.b_f, self.b_i, self.b_g, self.b_o,\n",
    "                            self.W_out, self.b_out]:\n",
    "                \n",
    "                params -= self.learning_rate * params.grad\n",
    "                params.grad.zero_()\n",
    "                \n",
    "    def save(self, filename):\n",
    "        torch.save(self.__dict__, filename)\n",
    "    \n",
    "    def load(self, filename):\n",
    "        state = torch.load(filename, map_location = device)\n",
    "        self.__dict__.update(state)\n",
    "    \n",
    "    \n",
    "        "
   ]
  },
  {
   "cell_type": "code",
   "execution_count": 75,
   "id": "ba5ee44b",
   "metadata": {},
   "outputs": [],
   "source": [
    "X = np.array(X)\n",
    "y = np.array(y)\n",
    "\n",
    "X_tensor = torch.tensor(X, dtype=torch.float32).unsqueeze(-1)  # (batch, seq_len, 1)\n",
    "Y_tensor = torch.tensor(y, dtype=torch.float32).unsqueeze(-1)   # (batch, 1)\n",
    "\n",
    "batch_size, seq_size, input_size =  X_tensor.shape"
   ]
  },
  {
   "cell_type": "code",
   "execution_count": 77,
   "id": "74e5a89f",
   "metadata": {},
   "outputs": [],
   "source": [
    "device = torch.device(\"cuda\" if torch.cuda.is_available() else \"cpu\")"
   ]
  },
  {
   "cell_type": "code",
   "execution_count": 79,
   "id": "4874f362-c4b3-4fe2-a3ec-f94b090c412f",
   "metadata": {},
   "outputs": [],
   "source": [
    "model = ManualLSTM(input_size = input_size, hidden_size = 5)"
   ]
  },
  {
   "cell_type": "code",
   "execution_count": 81,
   "id": "ffe5ff34",
   "metadata": {},
   "outputs": [
    {
     "name": "stdout",
     "output_type": "stream",
     "text": [
      "Epochs 0: Total Loss = 0.312908\n",
      "Epochs 1: Total Loss = 0.311967\n",
      "Epochs 2: Total Loss = 0.310360\n",
      "Epochs 3: Total Loss = 0.308239\n",
      "Epochs 4: Total Loss = 0.305741\n",
      "Epochs 5: Total Loss = 0.302959\n",
      "Epochs 6: Total Loss = 0.299979\n",
      "Epochs 7: Total Loss = 0.296876\n",
      "Epochs 8: Total Loss = 0.293683\n",
      "Epochs 9: Total Loss = 0.290442\n",
      "Epochs 10: Total Loss = 0.287187\n",
      "Epochs 11: Total Loss = 0.283943\n",
      "Epochs 12: Total Loss = 0.280717\n",
      "Epochs 13: Total Loss = 0.277528\n",
      "Epochs 14: Total Loss = 0.274389\n",
      "Epochs 15: Total Loss = 0.271299\n",
      "Epochs 16: Total Loss = 0.268275\n",
      "Epochs 17: Total Loss = 0.265306\n",
      "Epochs 18: Total Loss = 0.262404\n",
      "Epochs 19: Total Loss = 0.259566\n",
      "Epochs 20: Total Loss = 0.256798\n",
      "Epochs 21: Total Loss = 0.254096\n",
      "Epochs 22: Total Loss = 0.251461\n",
      "Epochs 23: Total Loss = 0.248895\n",
      "Epochs 24: Total Loss = 0.246402\n",
      "Epochs 25: Total Loss = 0.243972\n",
      "Epochs 26: Total Loss = 0.241608\n",
      "Epochs 27: Total Loss = 0.239315\n",
      "Epochs 28: Total Loss = 0.237070\n",
      "Epochs 29: Total Loss = 0.234893\n"
     ]
    }
   ],
   "source": [
    "loss_fn = nn.MSELoss()\n",
    "\n",
    "learning_rate = 0.01\n",
    "epochs = 30\n",
    "\n",
    "for n in range(epochs):\n",
    "    total_loss = 0.0\n",
    "    for i in range(batch_size):                    # Loop over samples\n",
    "        x_t_seq = X_tensor[i]                     # Shape: (seq_len, input_size)\n",
    "        \n",
    "        \n",
    "        \n",
    "        y_pred = model.forward(x_t_seq)\n",
    "        y_true = Y_tensor[i].view(1,1)\n",
    "    \n",
    "        loss = loss_fn(y_pred, y_true)\n",
    "    \n",
    "        total_loss += loss\n",
    "    \n",
    "        loss.backward()\n",
    "        \n",
    "        model.step()\n",
    "            \n",
    "    \n",
    "    \n",
    "    print(f\"Epochs {n}: Total Loss = {total_loss:.6f}\")"
   ]
  },
  {
   "cell_type": "code",
   "execution_count": 103,
   "id": "371c2971",
   "metadata": {},
   "outputs": [],
   "source": [
    "class NNLSTM(nn.Module):\n",
    "    def __init__(self, input_size, hidden_size):\n",
    "        super().__init__()\n",
    "        self.lstm = nn.LSTM(input_size = input_size, hidden_size = hidden_size)\n",
    "        self.fc = nn.Linear(hidden_size, 1)\n",
    "        \n",
    "    def forward(self, x):\n",
    "        out, (h_n, c_n) = self.lstm(x)\n",
    "        last_hidden = h_n[-1]\n",
    "        y = self.fc(last_hidden)\n",
    "        return y"
   ]
  },
  {
   "cell_type": "code",
   "execution_count": 105,
   "id": "983e3089",
   "metadata": {},
   "outputs": [],
   "source": [
    "model3 = NNLSTM(input_size = input_size, hidden_size = 5)"
   ]
  },
  {
   "cell_type": "code",
   "execution_count": 106,
   "id": "1fcf5be6",
   "metadata": {},
   "outputs": [],
   "source": [
    "loss_fn = nn.MSELoss()\n",
    "learning_rate = 0.001\n",
    "optimizer = torch.optim.Adam(model3.parameters(), lr = learning_rate)\n",
    "\n",
    "\n"
   ]
  },
  {
   "cell_type": "code",
   "execution_count": 107,
